eval_loss = 0.6194217801094055
mcc = 0.7885957895102964
