eval_loss = 0.8819685578346252
mcc = 0.7902841095712848
