eval_loss = 0.33972308536370593
mcc = 0.8291270667414691
