eval_loss = 0.2398986021677653
mcc = 0.9062988979132426
