eval_loss = 0.35538138449192047
mcc = 0.8406522567660623
