eval_loss = 0.3228030949831009
mcc = 0.8614103771746437
