eval_loss = 0.14630454778671265
mcc = 0.9128882937738936
