eval_loss = 0.3056113471587499
mcc = 0.8527471654380603
