eval_loss = 0.40129315853118896
mcc = 0.840472861215273
