eval_loss = 0.14384578416744867
mcc = 0.9195556388350795
