eval_loss = 0.43048347036043805
mcc = 0.8346443223349075
