eval_loss = 0.2996343324581782
mcc = 0.8522972322707068
