eval_loss = 0.3488869269688924
mcc = 0.8525709167976516
