eval_loss = 0.38099442919095355
mcc = 0.829680390845746
