eval_loss = 0.42821556329727173
mcc = 0.8939553387619158
