eval_loss = 0.5452644129594167
mcc = 0.8199298675659096
