eval_loss = 0.6608548164367676
mcc = 0.6126087105483987
