eval_loss = 0.3494383941094081
mcc = 0.8406522567660623
