eval_loss = 0.3512459446986516
mcc = 0.8525709167976516
