eval_loss = 0.707649807135264
mcc = 0.5890703382970557
