eval_loss = 0.586699386437734
mcc = 0.8084501669840609
