eval_loss = 1.3702279329299927
mcc = 0.18183588626369218
