eval_loss = 0.30794766048590344
mcc = 0.8468641581062014
