eval_loss = 0.3721585124731064
mcc = 0.8408238369463601
