eval_loss = 0.26189019282658893
mcc = 0.8468064864951013
