eval_loss = 0.26631449659665424
mcc = 0.9062991966370417
