eval_loss = 0.3372446695963542
mcc = 0.8396142195991574
