eval_loss = 0.2752879410982132
mcc = 0.8528557799668668
