eval_loss = 0.36905861894289654
mcc = 0.8525709167976516
