eval_loss = 0.3519291679064433
mcc = 0.8473590261104673
