eval_loss = 0.457164188226064
mcc = 0.8522566037082746
