eval_loss = 0.3632827301820119
mcc = 0.8182262917285237
