eval_loss = 0.3516530394554138
mcc = 0.9060388146101683
