eval_loss = 0.2701183358828227
mcc = 0.8470165053643138
