eval_loss = 0.143001027405262
mcc = 0.9195556388350795
