eval_loss = 1.2500208218892415
mcc = 0.5208159521939149
