eval_loss = 1.130426009496053
mcc = 0.05815526314990443
