eval_loss = 0.1939400980869929
mcc = 0.9195349048670932
