eval_loss = 0.3480180501937866
mcc = 0.8283810169232588
