eval_loss = 0.17377147575219473
mcc = 0.9132265592284587
