eval_loss = 0.31970112522443134
mcc = 0.8671584031403989
