eval_loss = 1.1878697474797566
mcc = 0.5638391304286622
