eval_loss = 1.0950368245442708
mcc = 0.6736697890656076
