eval_loss = 0.3230185310045878
mcc = 0.8501957475118646
