eval_loss = 0.14968454589446387
mcc = 0.9195556388350795
