eval_loss = 0.3796595533688863
mcc = 0.8404935059748909
