eval_loss = 0.32676197091738385
mcc = 0.8446299590615775
