eval_loss = 0.14882338543732962
mcc = 0.9195556388350795
