eval_loss = 0.3342303882042567
mcc = 0.8509595894348752
