eval_loss = 0.29919146994749707
mcc = 0.8946166516867662
