eval_loss = 0.30389564236005145
mcc = 0.8355903639998141
