eval_loss = 0.3770100176334381
mcc = 0.8525971360342601
