eval_loss = 1.2795644601186116
mcc = 0.45459487891929234
