eval_loss = 0.6684291164080302
mcc = 0.8182050648027099
