eval_loss = 0.42726118365923565
mcc = 0.8050396692017668
