eval_loss = 0.32653585573037464
mcc = 0.8555844857999269
