eval_loss = 0.16248827427625656
mcc = 0.9132265592284587
