eval_loss = 1.2336458762486775
mcc = -0.014359345068431997
