eval_loss = 1.2133440971374512
mcc = 0.5761695363020293
