eval_loss = 1.1225053866704304
mcc = 0.04761746162291286
