eval_loss = 0.3745039204756419
mcc = 0.8527104164023293
