eval_loss = 0.5339230895042419
mcc = 0.8409515644503244
