eval_loss = 0.35212130347887677
mcc = 0.8417866778716169
