eval_loss = 0.18717967718839645
mcc = 0.9067660048099703
