eval_loss = 0.37615365783373517
mcc = 0.8289793181904953
