eval_loss = 0.4015173713366191
mcc = 0.859440989725203
