eval_loss = 0.9810734589894613
mcc = 0.34980159016665563
