eval_loss = 0.8499876260757446
mcc = 0.7953841945044513
