eval_loss = 0.4453556040922801
mcc = 0.8170011014550326
