eval_loss = 0.5364963610967001
mcc = 0.8064561431651451
